west5 : 18:11:24.918740551
west6 : 18:11:24.930126409
west7 : 18:11:24.930851850
west8 : 18:11:24.931501629
west5 : 18:11:24.918785978
west5 : 18:11:24.918821595
west5 : 18:11:24.918741393
west6 : 18:11:24.930235525
west8 : 18:11:24.931903086
west7 : 18:11:24.931045458
west6 : 18:11:24.930346020
west8 : 18:11:24.932847681
west7 : 18:11:24.931121728
west6 : 18:11:24.930344651
west8 : 18:11:24.933173566
west7 : 18:11:24.931432340
